9876543210
9876543211
9876543212
9876543213
9876543214
9876543215
9876543216
9876543217
9876543218
9876543219
9876543220
9876543221
9876543222
9876543223
9876543224
9876543225
9876543226
9876543227
9876543228
9876543229
9876543230
9876543231
9876543232
9876543233
9876543234
9876543235
9876543236
9876543237
9876543238
9876543239
9876543240
9876543241
9876543242
9876543243
9876543244
9876543245
9876543246
9876543247
9876543248
9876543249
9876543250
9876543251
9876543252
9876543253
9876543254
9876543255
9876543256
9876543257
9876543258
9876543259
9876543260
9876543261
9876543262
9876543263
9876543264
9876543265
9876543266
9876543267
9876543268
9876543269
9876543270
9876543271
9876543272
9876543273
9876543274
9876543275
9876543276
9876543277
9876543278
9876543279
9876543280
9876543281
9876543282
9876543283
9876543284
9876543285
9876543286
9876543287
9876543288
9876543289
9876543290
9876543291
9876543292
9876543293
9876543294
9876543295
9876543296
9876543297
9876543298
9876543299
1231231234
9833253998
8484824024
